2075, 3.88, 0.993, 3.446, , 0, , 345
3076, 3.9, 0.993, 3.446, , 5, , 327
4076, 3.91, 0.993, 3.755, , 12, , 311
5075, 3.91, 0.993, 3.755, , 20, , 315
6075, 3.92, 0.993, 3.763, , 27, , 319
7076, 3.92, 0.993, 3.763, , 34, , 311
8075, 3.93, 0.993, 3.769, , 41, , 303
9075, 3.93, 0.995, 3.774, , 49, , 302
10075, 3.93, 0.993, 3.774, , 56, , 312
11076, 3.94, 0.993, 3.778, , 63, , 308
12075, 3.94, 0.993, 3.783, , 71, , 304
13075, 3.94, 0.993, 3.783, , 78, , 312
14075, 3.94, 0.993, 3.787, , 85, , 331
15076, 3.95, 0.993, 3.787, , 92, , 303
16075, 3.95, 0.993, 3.791, , 100, , 333
17076, 3.95, 0.993, 3.794, , 107, , 300
18076, 3.95, 0.993, 3.794, , 114, , 307
19076, 3.95, 0.995, 3.797, , 122, , 304
20076, 3.96, 0.993, 3.8, , 129, , 332
21076, 3.96, 0.993, 3.8, , 136, , 302
22076, 3.96, 0.993, 3.803, , 143, , 328
23076, 3.96, 0.993, 3.803, , 151, , 303
24076, 3.96, 0.993, 3.806, , 158, , 309
25075, 3.96, 0.993, 3.808, , 165, , 302
26076, 3.96, 0.993, 3.808, , 172, , 302
27076, 3.96, 0.993, 3.811, , 180, , 301
28076, 3.96, 0.993, 3.813, , 187, , 304
29076, 3.96, 0.993, 3.813, , 194, , 297
30076, 3.96, 0.993, 3.815, , 202, , 595
31076, 3.97, 0.993, 3.815, , 209, , 297
32076, 3.96, 0.995, 3.817, , 216, , 301
33075, 3.97, 0.993, 3.819, , 223, , 324
34076, 3.97, 0.993, 3.819, , 231, , 300
35075, 3.97, 0.993, 3.821, , 238, , 305
36075, 3.97, 0.993, 3.821, , 245, , 285
37075, 3.97, 0.993, 3.823, , 253, , 312
38075, 3.97, 0.993, 3.825, , 260, , 325
39076, 3.97, 0.993, 3.825, , 267, , 299
40075, 3.98, 0.993, 3.826, , 274, , 325
41076, 3.98, 0.993, 3.828, , 282, , 312
42076, 3.98, 0.993, 3.828, , 289, , 308
43076, 3.98, 0.993, 3.83, , 296, , 301
44076, 3.98, 0.993, 3.83, , 303, , 318
45075, 3.98, 0.993, 3.831, , 311, , 301
46075, 3.98, 0.993, 3.833, , 318, , 322
47076, 3.98, 0.993, 3.833, , 325, , 600
48075, 3.98, 0.993, 3.834, , 333, , 299
49075, 3.99, 0.993, 3.836, , 340, , 317
50076, 3.99, 0.993, 3.836, , 347, , 322
51075, 3.99, 0.993, 3.837, , 354, , 311
52076, 3.99, 0.993, 3.837, , 362, , 330
53076, 3.99, 0.995, 3.838, , 369, , 299
54076, 3.99, 0.995, 3.84, , 376, , 302
55075, 3.99, 0.993, 3.84, , 383, , 577
56075, 3.99, 0.993, 3.841, , 391, , 299
57076, 3.99, 0.993, 3.842, , 398, , 302
58075, 3.99, 0.993, 3.842, , 405, , 577
59076, 4.2, 0.993, 3.843, , 413, , 297
60075, 4.2, 0.993, 3.843, , 420, , 307
61075, 4.2, 0.993, 3.844, , 427, , 300
62075, 4.2, 0.993, 3.845, , 434, , 302
63076, 4.2, 0.993, 3.845, , 442, , 299
64075, 4.2, 0.995, 3.846, , 449, , 323
65075, 4.2, 0.993, 3.846, , 456, , 316
66076, 4.2, 0.993, 3.848, , 463, , 330
67076, 4.2, 0.993, 3.849, , 471, , 299
68075, 4.2, 0.993, 3.849, , 478, , 300
69075, 4.2, 0.993, 3.85, , 485, , 293
70076, 4.2, 0.995, 3.851, , 493, , 585
71076, 4.2, 0.993, 3.851, , 500, , 311
72076, 4.2, 0.993, 3.852, , 507, , 585
73076, 4.2, 0.993, 3.852, , 514, , 297
74076, 4.2, 0.993, 3.853, , 522, , 297
75075, 4.2, 0.993, 3.854, , 529, , 298
76076, 4.2, 0.993, 3.854, , 536, , 317
77075, 4.2, 0.993, 3.855, , 543, , 301
78075, 4.2, 0.993, 3.855, , 551, , 326
79076, 4.2, 0.995, 3.855, , 558, , 313
80075, 4.2, 0.995, 3.856, , 565, , 301
81075, 4.2, 0.995, 3.856, , 573, , 301
82075, 4.2, 0.993, 3.857, , 580, , 310
83075, 4.2, 0.993, 3.858, , 587, , 301
84076, 4.2, 0.993, 3.858, , 594, , 302
85076, 4.2, 0.993, 3.859, , 602, , 298
86075, 4.2, 0.995, 3.86, , 609, , 301
87075, 4.2, 0.993, 3.86, , 616, , 297
88075, 4.2, 0.993, 3.861, , 623, , 299
89075, 4.2, 0.995, 3.861, , 631, , 296
90076, 4.2, 0.993, 3.862, , 638, , 302
91076, 4.2, 0.995, 3.862, , 645, , 297
92075, 4.2, 0.993, 3.862, , 653, , 298
93075, 4.2, 0.993, 3.863, , 660, , 310
94076, 4.2, 0.993, 3.863, , 667, , 280
95075, 4.2, 0.993, 3.864, , 674, , 298
96076, 4.2, 0.993, 3.865, , 682, , 299
97076, 4.2, 0.993, 3.865, , 689, , 298
98076, 4.2, 0.993, 3.866, , 696, , 300
99075, 4.2, 0.993, 3.866, , 703, , 299
100075, 4.2, 0.993, 3.866, , 711, , 299
101076, 4.2, 0.993, 3.867, , 718, , 299
102076, 4.2, 0.993, 3.867, , 725, , 585
103076, 4.2, 0.993, 3.868, , 733, , 297
104076, 4.2, 0.993, 3.869, , 740, , 299
105075, 4.2, 0.993, 3.869, , 747, , 301
106075, 4.2, 0.993, 3.869, , 754, , 310
107075, 4.2, 0.993, 3.87, , 762, , 297
108075, 4.2, 0.993, 3.87, , 769, , 299
109076, 4.2, 0.993, 3.871, , 776, , 297
110076, 4.2, 0.993, 3.871, , 783, , 297
111076, 4.2, 0.993, 3.872, , 791, , 299
112075, 4.2, 0.995, 3.872, , 798, , 281
113075, 4.2, 0.993, 3.872, , 805, , 296
114075, 4.2, 0.993, 3.873, , 812, , 299
115076, 4.2, 0.993, 3.874, , 820, , 576
116075, 4.2, 0.993, 3.874, , 827, , 300
117076, 4.2, 0.995, 3.874, , 834, , 296
118076, 4.2, 0.993, 3.874, , 842, , 298
119076, 4.2, 0.993, 3.875, , 849, , 299
120075, 4.2, 0.995, 3.876, , 856, , 299
121076, 4.2, 0.995, 3.876, , 863, , 299
122076, 4.2, 0.993, 3.877, , 871, , 312
123075, 4.2, 0.993, 3.877, , 878, , 283
124076, 4.2, 0.993, 3.877, , 885, , 297
125076, 4.2, 0.993, 3.878, , 892, , 299
126075, 4.2, 0.993, 3.878, , 900, , 627
127075, 4.2, 0.993, 3.878, , 907, , 281
128076, 4.2, 0.993, 3.879, , 914, , 299
129075, 4.2, 0.993, 3.879, , 922, , 297
130075, 4.2, 0.993, 3.88, , 929, , 295
131075, 4.2, 0.993, 3.88, , 936, , 297
132076, 4.2, 0.993, 3.881, , 943, , 296
133076, 4.2, 0.995, 3.881, , 951, , 298
134075, 4.2, 0.993, 3.881, , 958, , 298
135075, 4.2, 0.993, 3.882, , 965, , 299
136075, 4.2, 0.993, 3.882, , 972, , 298
137076, 4.2, 0.993, 3.882, , 980, , 298
138075, 4.2, 0.993, 3.883, , 987, , 301
139076, 4.2, 0.993, 3.883, , 994, , 283
140075, 4.2, 0.993, 3.884, , 1001, , 299
141076, 4.2, 0.993, 3.884, , 1009, , 298
142075, 4.2, 0.993, 3.884, , 1016, , 308
143075, 4.2, 0.993, 3.885, , 1023, , 297
144075, 4.2, 0.993, 3.886, , 1031, , 298
145075, 4.2, 0.993, 3.886, , 1038, , 299
146076, 4.2, 0.993, 3.886, , 1045, , 298
147076, 4.2, 0.995, 3.886, , 1052, , 301
148075, 4.2, 0.993, 3.887, , 1060, , 298
149076, 4.2, 0.993, 3.888, , 1067, , 298
150075, 4.2, 0.993, 3.888, , 1074, , 302
151076, 4.2, 0.995, 3.888, , 1081, , 298
152075, 4.2, 0.993, 3.888, , 1089, , 284
153090, 4.2, 0.995, 3.889, , 1096, , 317
154076, 4.2, 0.993, 3.889, , 1103, , 305
155076, 4.2, 0.993, 3.889, , 1111, , 298
156075, 4.2, 0.993, 3.89, , 1118, , 321
157075, 4.2, 0.993, 3.89, , 1125, , 598
158076, 4.2, 0.995, 3.89, , 1132, , 298
159076, 4.2, 0.993, 3.891, , 1140, , 298
160076, 4.2, 0.993, 3.891, , 1147, , 311
161076, 4.2, 0.993, 3.892, , 1154, , 297
162076, 4.2, 0.995, 3.892, , 1161, , 297
163075, 4.2, 0.993, 3.892, , 1169, , 296
164076, 4.2, 0.993, 3.893, , 1176, , 298
165076, 4.2, 0.993, 3.893, , 1183, , 300
166075, 4.2, 0.993, 3.893, , 1190, , 294
167075, 4.2, 0.993, 3.894, , 1198, , 297
168075, 4.2, 0.993, 3.894, , 1205, , 296
169076, 4.2, 0.993, 3.895, , 1212, , 297
170075, 4.2, 0.995, 3.895, , 1220, , 586
171076, 4.2, 0.993, 3.895, , 1227, , 295
172076, 4.2, 0.993, 3.896, , 1234, , 300
173075, 4.2, 0.993, 3.896, , 1241, , 308
174076, 4.2, 0.993, 3.896, , 1249, , 301
175076, 4.2, 0.995, 3.897, , 1256, , 299
176075, 4.2, 0.993, 3.897, , 1263, , 301
177075, 4.2, 0.993, 3.897, , 1270, , 300
178075, 4.2, 0.995, 3.898, , 1278, , 333
179075, 4.2, 0.995, 3.898, , 1285, , 307
180075, 4.2, 0.993, 3.899, , 1292, , 296
181076, 4.2, 0.995, 3.899, , 1299, , 298
182076, 4.2, 0.993, 3.899, , 1307, , 281
183075, 4.2, 0.993, 3.9, , 1314, , 299
184076, 4.2, 0.993, 3.9, , 1321, , 298
185075, 4.2, 0.993, 3.9, , 1329, , 301
186076, 4.2, 0.993, 3.901, , 1336, , 297
187075, 4.2, 0.993, 3.901, , 1343, , 298
188076, 4.2, 0.993, 3.901, , 1350, , 298
189075, 4.2, 0.993, 3.901, , 1358, , 297
190075, 4.2, 0.993, 3.902, , 1365, , 298
191075, 4.2, 0.993, 3.902, , 1372, , 296
192076, 4.2, 0.993, 3.902, , 1379, , 295
193076, 4.2, 0.993, 3.903, , 1387, , 298
194075, 4.2, 0.993, 3.903, , 1394, , 290
195075, 4.2, 0.993, 3.903, , 1401, , 299
196075, 4.2, 0.993, 3.904, , 1408, , 301
197075, 4.2, 0.993, 3.904, , 1416, , 289
198075, 4.2, 0.993, 3.904, , 1423, , 300
199075, 4.2, 0.993, 3.905, , 1430, , 302
200075, 4.2, 0.995, 3.905, , 1438, , 281
201075, 4.2, 0.993, 3.906, , 1445, , 298
202075, 4.2, 0.993, 3.906, , 1452, , 298
203076, 4.2, 0.993, 3.906, , 1459, , 296
204075, 4.2, 0.995, 3.907, , 1467, , 297
205076, 4.2, 0.993, 3.907, , 1474, , 298
206075, 4.2, 0.995, 3.907, , 1481, , 298
207076, 4.2, 0.993, 3.907, , 1488, , 296
208075, 4.2, 0.995, 3.907, , 1496, , 300
209075, 4.2, 0.993, 3.908, , 1503, , 299
210075, 4.2, 0.993, 3.908, , 1510, , 582
211075, 4.2, 0.993, 3.908, , 1517, , 297
212075, 4.2, 0.993, 3.909, , 1525, , 303
213076, 4.2, 0.993, 3.909, , 1532, , 299
214076, 4.2, 0.995, 3.909, , 1539, , 295
215075, 4.2, 0.993, 3.91, , 1547, , 326
216076, 4.2, 0.993, 3.91, , 1554, , 298
217075, 4.2, 0.993, 3.91, , 1561, , 329
218075, 4.2, 0.993, 3.91, , 1568, , 597
219075, 4.2, 0.993, 3.911, , 1576, , 302
220075, 4.2, 0.993, 3.911, , 1583, , 300
221075, 4.2, 0.993, 3.911, , 1590, , 298
222075, 4.2, 0.993, 3.912, , 1597, , 295
223076, 4.2, 0.993, 3.912, , 1605, , 298
224076, 4.2, 0.993, 3.912, , 1612, , 298
225076, 4.2, 0.993, 3.913, , 1619, , 297
226075, 4.2, 0.993, 3.913, , 1626, , 289
227075, 4.2, 0.993, 3.913, , 1634, , 300
228075, 4.2, 0.993, 3.914, , 1641, , 300
229075, 4.2, 0.993, 3.914, , 1648, , 299
230075, 4.2, 0.993, 3.914, , 1656, , 296
231076, 4.2, 0.995, 3.915, , 1663, , 296
232075, 4.2, 0.995, 3.915, , 1670, , 298
233075, 4.2, 0.993, 3.915, , 1677, , 297
234075, 4.2, 0.993, 3.915, , 1685, , 299
235075, 4.2, 0.995, 3.915, , 1692, , 296
236076, 4.2, 0.993, 3.916, , 1699, , 299
237075, 4.2, 0.993, 3.916, , 1706, , 298
238075, 4.2, 0.993, 3.916, , 1714, , 298
239076, 4.2, 0.993, 3.917, , 1721, , 334
240075, 4.2, 0.993, 3.917, , 1728, , 299
241076, 4.2, 0.993, 3.917, , 1735, , 295
242076, 4.2, 0.993, 3.917, , 1743, , 302
243075, 4.2, 0.993, 3.918, , 1750, , 300
244076, 4.2, 0.993, 3.918, , 1757, , 299
245076, 4.2, 0.995, 3.918, , 1765, , 298
246076, 4.2, 0.993, 3.918, , 1772, , 297
247075, 4.2, 0.993, 3.918, , 1779, , 300
248076, 4.2, 0.993, 3.919, , 1786, , 302
249076, 4.2, 0.993, 3.919, , 1794, , 299
250076, 4.2, 0.993, 3.919, , 1801, , 281
251075, 4.2, 0.993, 3.92, , 1808, , 311
252076, 4.2, 0.993, 3.921, , 1815, , 296
253075, 4.2, 0.993, 3.921, , 1823, , 298
254076, 4.2, 0.993, 3.921, , 1830, , 300
255089, 4.2, 0.993, 3.921, , 1837, , 319
256075, 4.2, 0.993, 3.921, , 1844, , 300
257076, 4.2, 0.993, 3.922, , 1852, , 315
258076, 4.2, 0.993, 3.922, , 1859, , 299
259076, 4.2, 0.993, 3.922, , 1866, , 300
260076, 4.2, 0.993, 3.923, , 1874, , 311
261075, 4.2, 0.993, 3.923, , 1881, , 312
262076, 4.2, 0.993, 3.923, , 1888, , 302
263076, 4.2, 0.993, 3.923, , 1895, , 296
264075, 4.2, 0.993, 3.923, , 1903, , 303
265076, 4.2, 0.993, 3.924, , 1910, , 298
266076, 4.2, 0.993, 3.924, , 1917, , 297
267075, 4.2, 0.993, 3.924, , 1924, , 297
268076, 4.2, 0.993, 3.925, , 1932, , 297
269076, 4.2, 0.993, 3.925, , 1939, , 299
270076, 4.2, 0.993, 3.925, , 1946, , 299
271076, 4.2, 0.993, 3.925, , 1953, , 300
272075, 4.2, 0.993, 3.925, , 1961, , 304
273075, 4.2, 0.993, 3.926, , 1968, , 338
274075, 4.2, 0.993, 3.926, , 1975, , 297
275075, 4.2, 0.993, 3.926, , 1983, , 298
276075, 4.2, 0.993, 3.926, , 1990, , 297
277076, 4.2, 0.993, 3.926, , 1997, , 297
278076, 4.2, 0.995, 3.927, , 2004, , 334
279076, 4.2, 0.993, 3.927, , 2012, , 316
280075, 4.2, 0.993, 3.927, , 2019, , 299
281075, 4.2, 0.993, 3.928, , 2026, , 302
282076, 4.2, 0.993, 3.928, , 2033, , 301
283075, 4.2, 0.993, 3.928, , 2041, , 306
284076, 4.2, 0.993, 3.928, , 2048, , 300
285075, 4.2, 0.993, 3.929, , 2055, , 285
286076, 4.2, 0.993, 3.929, , 2062, , 307
287075, 4.2, 0.993, 3.929, , 2070, , 319
288076, 4.2, 0.993, 3.929, , 2077, , 333
289076, 4.2, 0.993, 3.93, , 2084, , 623
290076, 4.2, 0.993, 3.93, , 2091, , 323
291075, 4.2, 0.993, 3.93, , 2099, , 305
292076, 4.2, 0.993, 3.93, , 2106, , 317
293076, 4.2, 0.993, 3.93, , 2113, , 305
294075, 4.2, 0.993, 3.931, , 2121, , 344
295075, 4.2, 0.993, 3.931, , 2128, , 364
296076, 4.2, 0.993, 3.931, , 2135, , 332
297075, 4.2, 0.993, 3.932, , 2142, , 304
298075, 4.2, 0.993, 3.932, , 2150, , 308
299076, 4.2, 0.993, 3.932, , 2157, , 585
300076, 4.2, 0.993, 3.932, , 2164, , 320
301076, 4.2, 0.993, 3.932, , 2171, , 313
302075, 4.2, 0.993, 3.933, , 2179, , 302
303075, 4.2, 0.993, 3.933, , 2186, , 296
304076, 4.2, 0.995, 3.933, , 2193, , 303
305075, 4.2, 0.993, 3.933, , 2200, , 304
306075, 4.2, 0.993, 3.933, , 2208, , 302
307076, 4.2, 0.993, 3.934, , 2215, , 300
308075, 4.2, 0.993, 3.934, , 2222, , 596
309075, 4.2, 0.993, 3.934, , 2230, , 298
310075, 4.2, 0.993, 3.934, , 2237, , 331
311076, 4.2, 0.993, 3.934, , 2244, , 341
312075, 4.2, 0.993, 3.935, , 2251, , 301
313075, 4.2, 0.993, 3.935, , 2259, , 302
314075, 4.2, 0.993, 3.935, , 2266, , 304
315076, 4.2, 0.993, 3.936, , 2273, , 284
316075, 4.2, 0.995, 3.936, , 2280, , 306
317075, 4.2, 0.993, 3.936, , 2288, , 343
318075, 4.2, 0.993, 3.936, , 2295, , 293
319075, 4.2, 0.993, 3.936, , 2302, , 296
320076, 4.2, 0.993, 3.936, , 2309, , 297
321076, 4.2, 0.993, 3.936, , 2317, , 301
322076, 4.2, 0.993, 3.937, , 2324, , 324
323075, 4.2, 0.993, 3.937, , 2331, , 283
324076, 4.2, 0.993, 3.937, , 2338, , 314
325076, 4.2, 0.993, 3.937, , 2346, , 300
326075, 4.2, 0.993, 3.938, , 2353, , 576
327075, 4.2, 0.995, 3.938, , 2360, , 300
328076, 4.2, 0.995, 3.938, , 2368, , 298
329076, 4.2, 0.993, 3.938, , 2375, , 295
330075, 4.2, 0.993, 3.938, , 2382, , 299
331076, 4.2, 0.993, 3.938, , 2389, , 298
332075, 4.2, 0.993, 3.938, , 2397, , 300
333075, 4.2, 0.993, 3.939, , 2404, , 301
334076, 4.2, 0.993, 3.939, , 2411, , 297
335076, 4.2, 0.993, 3.939, , 2418, , 296
336075, 4.2, 0.995, 3.94, , 2426, , 298
337075, 4.2, 0.993, 3.94, , 2433, , 301
338076, 4.2, 0.993, 3.94, , 2440, , 296
339075, 4.2, 0.995, 3.94, , 2447, , 304
340076, 4.2, 0.993, 3.94, , 2455, , 295
341075, 4.2, 0.995, 3.941, , 2462, , 312
342075, 4.2, 0.993, 3.941, , 2469, , 299
343075, 4.2, 0.993, 3.941, , 2476, , 308
344076, 4.2, 0.993, 3.941, , 2484, , 299
345076, 4.2, 0.993, 3.941, , 2491, , 302
346076, 4.2, 0.995, 3.941, , 2498, , 324
347075, 4.2, 0.993, 3.942, , 2506, , 587
348076, 4.2, 0.993, 3.942, , 2513, , 305
349075, 4.2, 0.993, 3.942, , 2520, , 308
350075, 4.2, 0.993, 3.942, , 2527, , 289
351076, 4.2, 0.993, 3.942, , 2535, , 306
352075, 4.2, 0.995, 3.942, , 2542, , 301
353076, 4.2, 0.993, 3.942, , 2549, , 294
354076, 4.2, 0.995, 3.943, , 2556, , 301
355075, 4.2, 0.993, 3.943, , 2564, , 305
356076, 4.2, 0.995, 3.943, , 2571, , 596
357076, 4.2, 0.993, 3.944, , 2578, , 301
358076, 4.2, 0.993, 3.944, , 2585, , 306
359076, 4.2, 0.993, 3.944, , 2593, , 300
360075, 4.2, 0.993, 3.944, , 2600, , 298
361075, 4.2, 0.995, 3.944, , 2607, , 596
362075, 4.2, 0.995, 3.944, , 2614, , 299
363075, 4.2, 0.993, 3.944, , 2622, , 300
364075, 4.2, 0.995, 3.945, , 2629, , 306
365076, 4.2, 0.993, 3.945, , 2636, , 299
366075, 4.2, 0.993, 3.945, , 2644, , 316
367076, 4.2, 0.993, 3.945, , 2651, , 297
368075, 4.2, 0.993, 3.946, , 2658, , 302
369076, 4.2, 0.993, 3.946, , 2665, , 301
370075, 4.2, 0.993, 3.946, , 2673, , 300
371075, 4.2, 0.995, 3.946, , 2680, , 296
372075, 4.2, 0.993, 3.946, , 2687, , 298
373075, 4.2, 0.993, 3.947, , 2694, , 297
374076, 4.2, 0.993, 3.947, , 2702, , 304
375076, 4.2, 0.993, 3.947, , 2709, , 296
376076, 4.2, 0.995, 3.947, , 2716, , 299
377075, 4.2, 0.993, 3.947, , 2723, , 288
378076, 4.2, 0.993, 3.948, , 2731, , 330
379075, 4.2, 0.995, 3.948, , 2738, , 312
380075, 4.2, 0.993, 3.948, , 2745, , 300
381075, 4.2, 0.993, 3.948, , 2753, , 295
382075, 4.2, 0.993, 3.948, , 2760, , 301
383075, 4.2, 0.993, 3.948, , 2767, , 302
384075, 4.2, 0.993, 3.949, , 2774, , 301
385075, 4.2, 0.993, 3.949, , 2782, , 299
386076, 4.2, 0.993, 3.949, , 2789, , 301
387075, 4.2, 0.993, 3.949, , 2796, , 299
388075, 4.2, 0.993, 3.949, , 2803, , 298
389075, 4.2, 0.993, 3.949, , 2811, , 299
390075, 4.2, 0.993, 3.949, , 2818, , 295
391076, 4.2, 0.993, 3.95, , 2825, , 293
392076, 4.2, 0.993, 3.95, , 2832, , 284
393076, 4.2, 0.993, 3.95, , 2840, , 301
394076, 4.2, 0.993, 3.95, , 2847, , 299
395075, 4.2, 0.995, 3.95, , 2854, , 305
396075, 4.2, 0.993, 3.951, , 2861, , 302
397076, 4.2, 0.993, 3.951, , 2869, , 299
398075, 4.2, 0.993, 3.951, , 2876, , 296
399076, 4.2, 0.993, 3.951, , 2883, , 300
400075, 4.2, 0.993, 3.951, , 2891, , 295
401076, 4.2, 0.993, 3.952, , 2898, , 299
402076, 4.2, 0.993, 3.952, , 2905, , 297
403075, 4.2, 0.993, 3.952, , 2912, , 298
404075, 4.2, 0.993, 3.952, , 2920, , 289
405075, 4.2, 0.993, 3.952, , 2927, , 302
406075, 4.2, 0.993, 3.952, , 2934, , 582
407076, 4.2, 0.993, 3.953, , 2941, , 281
408076, 4.2, 0.993, 3.953, , 2949, , 298
409075, 4.2, 0.993, 3.953, , 2956, , 298
410075, 4.2, 0.993, 3.953, , 2963, , 300
411076, 4.2, 0.993, 3.953, , 2970, , 298
412075, 4.2, 0.993, 3.953, , 2978, , 299
413075, 4.2, 0.993, 3.953, , 2985, , 297
414076, 4.2, 0.993, 3.954, , 2992, , 305
415075, 4.2, 0.993, 3.954, , 2999, , 301
416075, 4.2, 0.993, 3.954, , 3007, , 299
417075, 4.2, 0.993, 3.954, , 3014, , 303
418076, 4.2, 0.993, 3.955, , 3021, , 301
419076, 4.2, 0.993, 3.955, , 3029, , 304
420075, 4.2, 0.993, 3.955, , 3036, , 298
421076, 4.2, 0.993, 3.955, , 3043, , 297
422075, 4.2, 0.993, 3.955, , 3050, , 300
423075, 4.2, 0.993, 3.955, , 3058, , 299
424075, 4.2, 0.993, 3.955, , 3065, , 295
425075, 4.2, 0.995, 3.956, , 3072, , 284
426076, 4.2, 0.993, 3.956, , 3079, , 297
427076, 4.2, 0.995, 3.956, , 3087, , 300
428075, 4.2, 0.993, 3.956, , 3094, , 299
429075, 4.2, 0.993, 3.956, , 3101, , 298
430076, 4.2, 0.995, 3.957, , 3108, , 299
431076, 4.2, 0.993, 3.957, , 3116, , 297
432075, 4.2, 0.993, 3.957, , 3123, , 297
433076, 4.2, 0.993, 3.958, , 3130, , 304
434076, 4.2, 0.995, 3.958, , 3137, , 298
435075, 4.2, 0.993, 3.958, , 3145, , 297
436075, 4.2, 0.993, 3.958, , 3152, , 300
437075, 4.2, 0.995, 3.958, , 3159, , 297
438075, 4.2, 0.993, 3.958, , 3166, , 296
439075, 4.2, 0.993, 3.959, , 3174, , 281
440075, 4.2, 0.993, 3.959, , 3181, , 300
441076, 4.2, 0.993, 3.959, , 3188, , 300
442075, 4.2, 0.993, 3.959, , 3196, , 299
443076, 4.2, 0.993, 3.959, , 3203, , 300
444075, 4.2, 0.993, 3.959, , 3210, , 282
445075, 4.2, 0.993, 3.959, , 3217, , 297
446075, 4.2, 0.993, 3.96, , 3225, , 312
447076, 4.2, 0.993, 3.96, , 3232, , 298
448076, 4.2, 0.993, 3.96, , 3239, , 299
449076, 4.2, 0.993, 3.96, , 3246, , 300
450075, 4.2, 0.995, 3.96, , 3254, , 284
451076, 4.2, 0.993, 3.96, , 3261, , 299
452075, 4.2, 0.993, 3.961, , 3268, , 281
453075, 4.2, 0.993, 3.961, , 3275, , 300
454076, 4.2, 0.995, 3.961, , 3283, , 297
455076, 4.2, 0.993, 3.961, , 3290, , 298
456075, 4.2, 0.993, 3.961, , 3297, , 305
457076, 4.2, 0.993, 3.962, , 3304, , 298
458076, 4.2, 0.993, 3.962, , 3312, , 318
459076, 4.2, 0.993, 3.962, , 3319, , 301
460076, 4.2, 0.993, 3.962, , 3326, , 299
461076, 4.2, 0.993, 3.962, , 3334, , 299
462076, 4.2, 0.993, 3.962, , 3341, , 595
463075, 4.2, 0.995, 3.963, , 3348, , 297
464075, 4.2, 0.993, 3.963, , 3355, , 298
465075, 4.2, 0.993, 3.963, , 3363, , 300
466076, 4.2, 0.993, 3.963, , 3370, , 297
467075, 4.2, 0.993, 3.963, , 3377, , 298
468075, 4.2, 0.993, 3.964, , 3384, , 296
469075, 4.2, 0.993, 3.964, , 3392, , 295
470075, 4.2, 0.993, 3.964, , 3399, , 297
471076, 4.2, 0.993, 3.964, , 3406, , 298
472075, 4.2, 0.993, 3.964, , 3413, , 302
473076, 4.2, 0.993, 3.964, , 3421, , 297
474076, 4.2, 0.993, 3.964, , 3428, , 296
475075, 4.2, 0.993, 3.965, , 3435, , 577
476075, 4.2, 0.993, 3.965, , 3442, , 298
477075, 4.2, 0.993, 3.965, , 3450, , 298
478075, 4.2, 0.993, 3.965, , 3457, , 330
479076, 4.2, 0.993, 3.965, , 3464, , 315
480075, 4.2, 0.995, 3.965, , 3472, , 298
481075, 4.2, 0.993, 3.966, , 3479, , 312
482075, 4.2, 0.993, 3.966, , 3486, , 331
483076, 4.2, 0.993, 3.966, , 3493, , 298
484076, 4.2, 0.993, 3.966, , 3501, , 301
485075, 4.2, 0.993, 3.966, , 3508, , 299
486076, 4.2, 0.993, 3.967, , 3515, , 301
487075, 4.2, 0.993, 3.967, , 3522, , 300
488076, 4.2, 0.993, 3.967, , 3530, , 298
489076, 4.2, 0.995, 3.967, , 3537, , 299
490076, 4.2, 0.993, 3.967, , 3544, , 299
491076, 4.2, 0.993, 3.967, , 3551, , 297
492076, 4.2, 0.993, 3.968, , 3559, , 303
493075, 4.2, 0.993, 3.968, , 3566, , 302
494076, 4.2, 0.993, 3.968, , 3573, , 310
495076, 4.2, 0.993, 3.968, , 3580, , 329
496076, 4.2, 0.993, 3.968, , 3588, , 302
497076, 4.2, 0.995, 3.968, , 3595, , 317
498075, 4.2, 0.993, 3.968, , 3602, , 295
499076, 4.2, 0.995, 3.969, , 3610, , 320
500076, 4.2, 0.993, 3.969, , 3617, , 301
501075, 4.2, 0.993, 3.969, , 3624, , 307
502079, 4.2, 0.993, 3.97, , 3631, , 320
503075, 4.2, 0.993, 3.97, , 3639, , 299
504076, 4.2, 0.993, 3.97, , 3646, , 329
505075, 4.2, 0.993, 3.97, , 3653, , 301
506075, 4.2, 0.993, 3.97, , 3660, , 314
507075, 4.2, 0.993, 3.97, , 3668, , 301
508076, 4.2, 0.993, 3.97, , 3675, , 596
509076, 4.2, 0.995, 3.971, , 3682, , 297
510076, 4.2, 0.995, 3.971, , 3689, , 299
511075, 4.2, 0.993, 3.971, , 3697, , 301
512075, 4.2, 0.993, 3.971, , 3704, , 299
513075, 4.2, 0.993, 3.971, , 3711, , 297
514075, 4.2, 0.993, 3.971, , 3718, , 299
515075, 4.2, 0.993, 3.972, , 3726, , 301
516076, 4.2, 0.993, 3.972, , 3733, , 300
517076, 4.2, 0.993, 3.972, , 3740, , 297
518075, 4.2, 0.993, 3.972, , 3747, , 301
519075, 4.2, 0.993, 3.972, , 3755, , 303
520075, 4.2, 0.993, 3.973, , 3762, , 301
521075, 4.2, 0.995, 3.973, , 3769, , 298
522076, 4.2, 0.993, 3.973, , 3777, , 299
523075, 4.2, 0.993, 3.973, , 3784, , 301
524075, 4.2, 0.993, 3.973, , 3791, , 299
525075, 4.2, 0.993, 3.974, , 3798, , 305
526076, 4.2, 0.993, 3.974, , 3806, , 303
527075, 4.2, 0.995, 3.974, , 3813, , 309
528075, 4.2, 0.995, 3.974, , 3820, , 308
529076, 4.2, 0.993, 3.974, , 3827, , 305
530076, 4.2, 0.993, 3.974, , 3835, , 340
531076, 4.2, 0.993, 3.975, , 3842, , 303
532075, 4.2, 0.993, 3.975, , 3849, , 317
533076, 4.2, 0.993, 3.975, , 3856, , 299
534076, 4.2, 0.993, 3.975, , 3864, , 300
535075, 4.2, 0.993, 3.975, , 3871, , 299
536076, 4.2, 0.993, 3.975, , 3878, , 283
537075, 4.2, 0.993, 3.975, , 3885, , 303
538075, 4.2, 0.993, 3.976, , 3893, , 300
539076, 4.2, 0.993, 3.976, , 3900, , 299
540075, 4.2, 0.993, 3.976, , 3907, , 303
541075, 4.2, 0.993, 3.977, , 3915, , 299
542076, 4.2, 0.993, 3.977, , 3922, , 299
543075, 4.2, 0.993, 3.977, , 3929, , 298
544076, 4.2, 0.993, 3.977, , 3936, , 298
545075, 4.2, 0.993, 3.977, , 3944, , 301
546075, 4.2, 0.993, 3.977, , 3951, , 298
547076, 4.2, 0.993, 3.978, , 3958, , 298
548076, 4.2, 0.993, 3.978, , 3965, , 298
549075, 4.2, 0.993, 3.978, , 3973, , 597
550076, 4.2, 0.993, 3.978, , 3980, , 297
551076, 4.2, 0.993, 3.978, , 3987, , 580
552076, 4.2, 0.993, 3.978, , 3994, , 307
553075, 4.2, 0.993, 3.978, , 4002, , 297
554076, 4.2, 0.993, 3.979, , 4009, , 300
555076, 4.2, 0.993, 3.979, , 4016, , 297
556075, 4.2, 0.993, 3.979, , 4023, , 283
557076, 4.2, 0.993, 3.979, , 4031, , 596
558076, 4.2, 0.993, 3.979, , 4038, , 299
559075, 4.2, 0.993, 3.979, , 4045, , 298
560076, 4.2, 0.993, 3.979, , 4053, , 297
561075, 4.2, 0.993, 3.979, , 4060, , 299
562076, 4.2, 0.993, 3.98, , 4067, , 295
563076, 4.2, 0.995, 3.981, , 4074, , 303
564075, 4.2, 0.993, 3.981, , 4082, , 296
565076, 4.2, 0.993, 3.981, , 4089, , 298
566075, 4.2, 0.993, 3.981, , 4096, , 291
567075, 4.2, 0.995, 3.981, , 4103, , 299
568075, 4.2, 0.993, 3.981, , 4111, , 297
569076, 4.2, 0.993, 3.981, , 4118, , 296
570075, 4.2, 0.995, 3.982, , 4125, , 297
571076, 4.2, 0.993, 3.982, , 4132, , 298
572075, 4.2, 0.993, 3.982, , 4140, , 298
573076, 4.2, 0.995, 3.982, , 4147, , 298
574075, 4.2, 0.993, 3.982, , 4154, , 301
575075, 4.2, 0.993, 3.983, , 4161, , 301
576075, 4.2, 0.993, 3.983, , 4169, , 299
577076, 4.2, 0.993, 3.983, , 4176, , 295
578075, 4.2, 0.995, 3.983, , 4183, , 341
579076, 4.2, 0.993, 3.984, , 4191, , 329
580075, 4.2, 0.993, 3.984, , 4198, , 299
581075, 4.2, 0.993, 3.984, , 4205, , 299
582075, 4.2, 0.993, 3.984, , 4212, , 298
583076, 4.2, 0.993, 3.984, , 4220, , 284
584075, 4.2, 0.993, 3.984, , 4227, , 297
585076, 4.2, 0.993, 3.984, , 4234, , 300
586076, 4.2, 0.993, 3.985, , 4241, , 301
587075, 4.2, 0.995, 3.985, , 4249, , 299
588075, 4.2, 0.993, 3.985, , 4256, , 299
589075, 4.2, 0.993, 3.985, , 4263, , 297
590075, 4.2, 0.993, 3.985, , 4270, , 299
591076, 4.2, 0.993, 3.986, , 4278, , 298
592076, 4.2, 0.993, 3.986, , 4285, , 310
593075, 4.2, 0.993, 3.986, , 4292, , 331
594075, 4.2, 0.995, 3.986, , 4299, , 297
595076, 4.2, 0.993, 3.986, , 4307, , 300
596075, 4.2, 0.993, 3.986, , 4314, , 311
597076, 4.2, 0.993, 3.987, , 4321, , 300
598075, 4.2, 0.993, 3.987, , 4328, , 295
599075, 4.2, 0.993, 3.987, , 4336, , 336
600075, 4.2, 0.993, 3.988, , 4343, , 597
601076, 4.2, 0.993, 3.988, , 4350, , 298
602076, 4.2, 0.995, 3.988, , 4358, , 297
603076, 4.2, 0.993, 3.988, , 4365, , 299
604075, 4.2, 0.993, 3.988, , 4372, , 283
605075, 4.2, 0.993, 3.988, , 4379, , 300
606075, 4.2, 0.993, 3.988, , 4387, , 288
607075, 4.2, 0.993, 3.989, , 4394, , 318
608075, 4.2, 0.993, 3.989, , 4401, , 299
609076, 4.2, 0.993, 3.989, , 4408, , 296
610075, 4.2, 0.993, 3.989, , 4416, , 297
611076, 4.2, 0.993, 3.989, , 4423, , 296
612075, 4.2, 0.993, 3.99, , 4430, , 297
613076, 4.2, 0.993, 3.99, , 4437, , 300
614075, 4.2, 0.993, 3.99, , 4445, , 300
615075, 4.2, 0.993, 3.99, , 4452, , 577
616076, 4.2, 0.993, 3.99, , 4459, , 325
617075, 4.2, 0.993, 3.99, , 4466, , 335
618075, 4.2, 0.993, 3.991, , 4474, , 310
619075, 4.2, 0.993, 3.991, , 4481, , 298
620075, 4.2, 0.993, 3.991, , 4488, , 331
621075, 4.2, 0.993, 3.992, , 4496, , 311
622076, 4.2, 0.993, 3.992, , 4503, , 327
623075, 4.2, 0.993, 3.992, , 4510, , 312
624075, 4.2, 0.993, 3.992, , 4517, , 297
625076, 4.2, 0.993, 3.992, , 4525, , 298
626075, 4.2, 0.993, 3.992, , 4532, , 301
627075, 4.2, 0.993, 3.992, , 4539, , 300
628076, 4.2, 0.993, 3.993, , 4546, , 606
629076, 4.2, 0.993, 3.993, , 4554, , 298
630075, 4.2, 0.993, 3.993, , 4561, , 295
631076, 4.2, 0.993, 3.993, , 4568, , 297
632075, 4.2, 0.993, 3.993, , 4575, , 298
633076, 4.2, 0.993, 3.994, , 4583, , 278
634076, 4.2, 0.993, 3.994, , 4590, , 325
635076, 4.2, 0.995, 3.994, , 4597, , 584
636076, 4.2, 0.993, 3.994, , 4604, , 298
637075, 4.2, 0.993, 3.994, , 4612, , 296
638076, 4.2, 0.993, 3.994, , 4619, , 300
639075, 4.2, 0.993, 3.995, , 4626, , 303
640076, 4.2, 0.993, 3.995, , 4634, , 296
641076, 4.2, 0.993, 3.995, , 4641, , 298
642075, 4.2, 0.993, 3.996, , 4648, , 297
643076, 4.2, 0.993, 3.996, , 4655, , 298
644076, 4.2, 0.993, 3.996, , 4663, , 297
645075, 4.2, 0.993, 3.996, , 4670, , 300
646075, 4.2, 0.993, 3.996, , 4677, , 298
647075, 4.2, 0.993, 3.996, , 4684, , 300
648076, 4.2, 0.993, 3.996, , 4692, , 299
649076, 4.2, 0.993, 3.997, , 4699, , 300
650076, 4.2, 0.993, 3.997, , 4706, , 299
651075, 4.2, 0.993, 3.997, , 4713, , 597
652076, 4.2, 0.995, 3.997, , 4721, , 298
653075, 4.2, 0.993, 3.997, , 4728, , 304
654076, 4.2, 0.995, 3.998, , 4735, , 298
655076, 4.2, 0.993, 3.998, , 4742, , 297
656075, 4.2, 0.993, 3.998, , 4750, , 297
657076, 4.2, 0.993, 3.999, , 4757, , 300
658075, 4.2, 0.993, 3.999, , 4764, , 294
659075, 4.2, 0.993, 3.999, , 4772, , 302
660075, 4.2, 0.993, 3.999, , 4779, , 300
661075, 4.2, 0.993, 3.999, , 4786, , 298
662076, 4.2, 0.993, 3.999, , 4793, , 296
663075, 4.2, 0.995, 4.0, , 4801, , 298
664075, 4.2, 0.993, 4.0, , 4808, , 300
665076, 4.2, 0.993, 4.0, , 4815, , 298
666075, 4.2, 0.993, 4.0, , 4822, , 298
667075, 4.2, 0.993, 4.0, , 4830, , 300
668075, 4.2, 0.993, 4.001, , 4837, , 296
669076, 4.2, 0.993, 4.001, , 4844, , 293
670076, 4.2, 0.993, 4.001, , 4851, , 311
671075, 4.2, 0.993, 4.001, , 4859, , 301
672076, 4.2, 0.993, 4.001, , 4866, , 297
673075, 4.2, 0.993, 4.001, , 4873, , 297
674075, 4.2, 0.993, 4.001, , 4880, , 302
675075, 4.2, 0.993, 4.002, , 4888, , 303
676075, 4.2, 0.993, 4.002, , 4895, , 327
677075, 4.2, 0.993, 4.002, , 4902, , 300
678076, 4.2, 0.993, 4.002, , 4910, , 342
679076, 4.2, 0.995, 4.003, , 4917, , 320
680076, 4.2, 0.993, 4.003, , 4924, , 301
681075, 4.2, 0.993, 4.003, , 4931, , 302
682075, 4.2, 0.995, 4.003, , 4939, , 298
683075, 4.2, 0.993, 4.003, , 4946, , 298
684076, 4.2, 0.993, 4.004, , 4953, , 294
685076, 4.2, 0.993, 4.004, , 4960, , 302
686075, 4.2, 0.995, 4.004, , 4968, , 301
687076, 4.2, 0.993, 4.004, , 4975, , 299
688075, 4.2, 0.993, 4.004, , 4982, , 297
689076, 4.2, 0.993, 4.005, , 4989, , 296
690075, 4.2, 0.993, 4.005, , 4997, , 300
691075, 4.2, 0.993, 4.005, , 5004, , 300
692075, 4.2, 0.993, 4.005, , 5011, , 297
693076, 4.2, 0.995, 4.005, , 5018, , 296
694076, 4.2, 0.993, 4.006, , 5026, , 317
695075, 4.2, 0.993, 4.006, , 5033, , 296
696077, 4.2, 0.993, 4.006, , 5040, , 299
697076, 4.2, 0.993, 4.007, , 5048, , 593
698076, 4.2, 0.993, 4.007, , 5055, , 303
699076, 4.2, 0.995, 4.007, , 5062, , 305
700076, 4.2, 0.993, 4.007, , 5069, , 575
701076, 4.2, 0.995, 4.007, , 5077, , 295
702075, 4.2, 0.993, 4.008, , 5084, , 298
703076, 4.2, 0.993, 4.008, , 5091, , 300
704076, 4.2, 0.993, 4.008, , 5098, , 297
705076, 4.2, 0.993, 4.008, , 5106, , 295
706076, 4.2, 0.993, 4.008, , 5113, , 297
707075, 4.2, 0.993, 4.008, , 5120, , 284
708076, 4.2, 0.993, 4.009, , 5127, , 300
709075, 4.2, 0.993, 4.009, , 5135, , 309
710076, 4.2, 0.993, 4.009, , 5142, , 311
711076, 4.2, 0.993, 4.009, , 5149, , 298
712075, 4.2, 0.995, 4.01, , 5156, , 303
713076, 4.2, 0.995, 4.01, , 5164, , 297
714075, 4.2, 0.993, 4.01, , 5171, , 598
715075, 4.2, 0.993, 4.01, , 5178, , 298
716076, 4.2, 0.993, 4.011, , 5185, , 295
717075, 4.2, 0.993, 4.011, , 5193, , 592
718075, 4.2, 0.995, 4.011, , 5200, , 299
719075, 4.2, 0.993, 4.011, , 5207, , 301
720076, 4.2, 0.993, 4.011, , 5215, , 303
721076, 4.2, 0.993, 4.011, , 5222, , 294
722075, 4.2, 0.995, 4.011, , 5229, , 298
723076, 4.2, 0.993, 4.012, , 5236, , 298
724075, 4.2, 0.993, 4.012, , 5244, , 298
725075, 4.2, 0.993, 4.012, , 5251, , 299
726076, 4.2, 0.993, 4.012, , 5258, , 297
727076, 4.2, 0.993, 4.012, , 5265, , 302
728075, 4.2, 0.993, 4.013, , 5273, , 298
729076, 4.2, 0.993, 4.013, , 5280, , 297
730075, 4.2, 0.993, 4.013, , 5287, , 297
731076, 4.2, 0.993, 4.014, , 5294, , 296
732075, 4.2, 0.993, 4.014, , 5302, , 298
733075, 4.2, 0.993, 4.014, , 5309, , 595
734075, 4.2, 0.993, 4.014, , 5316, , 301
735075, 4.2, 0.993, 4.014, , 5323, , 299
736075, 4.2, 0.993, 4.015, , 5331, , 299
737076, 4.2, 0.993, 4.015, , 5338, , 313
738075, 4.2, 0.993, 4.015, , 5345, , 358
739076, 4.2, 0.993, 4.015, , 5353, , 297
740075, 4.2, 0.993, 4.015, , 5360, , 341
741076, 4.2, 0.993, 4.015, , 5367, , 304
742076, 4.2, 0.995, 4.016, , 5374, , 283
743075, 4.2, 0.993, 4.016, , 5382, , 300
744076, 4.2, 0.993, 4.016, , 5389, , 323
745076, 4.2, 0.993, 4.016, , 5396, , 301
746075, 4.2, 0.993, 4.016, , 5403, , 298
747075, 4.2, 0.993, 4.017, , 5411, , 297
748075, 4.2, 0.993, 4.017, , 5418, , 300
749075, 4.2, 0.993, 4.017, , 5425, , 300
750075, 4.2, 0.995, 4.018, , 5432, , 298
751075, 4.2, 0.993, 4.018, , 5440, , 296
752075, 4.2, 0.993, 4.018, , 5447, , 284
753076, 4.2, 0.993, 4.018, , 5454, , 287
754075, 4.2, 0.995, 4.018, , 5461, , 295
755076, 4.2, 0.995, 4.019, , 5469, , 299
756076, 4.2, 0.993, 4.019, , 5476, , 298
757075, 4.2, 0.993, 4.019, , 5483, , 297
758076, 4.2, 0.995, 4.019, , 5491, , 297
759075, 4.2, 0.995, 4.019, , 5498, , 305
760075, 4.2, 0.993, 4.02, , 5505, , 299
761076, 4.2, 0.993, 4.02, , 5512, , 298
762076, 4.2, 0.995, 4.02, , 5520, , 298
763076, 4.2, 0.993, 4.02, , 5527, , 294
764075, 4.2, 0.993, 4.02, , 5534, , 297
765076, 4.2, 0.993, 4.02, , 5541, , 298
766076, 4.2, 0.993, 4.02, , 5549, , 300
767075, 4.2, 0.993, 4.02, , 5556, , 298
768075, 4.2, 0.993, 4.021, , 5563, , 302
769075, 4.2, 0.993, 4.021, , 5570, , 306
770075, 4.2, 0.995, 4.022, , 5578, , 295
771076, 4.2, 0.993, 4.022, , 5585, , 297
772075, 4.2, 0.993, 4.022, , 5592, , 305
773076, 4.2, 0.993, 4.022, , 5599, , 295
774075, 4.2, 0.993, 4.022, , 5607, , 579
775075, 4.2, 0.993, 4.023, , 5614, , 299
776075, 4.2, 0.993, 4.023, , 5621, , 299
777075, 4.2, 0.995, 4.023, , 5629, , 578
778075, 4.2, 0.993, 4.023, , 5636, , 324
779076, 4.2, 0.995, 4.024, , 5643, , 312
780075, 4.2, 0.993, 4.024, , 5650, , 297
781076, 4.2, 0.993, 4.024, , 5658, , 297
782075, 4.2, 0.993, 4.024, , 5665, , 299
783075, 4.2, 0.993, 4.025, , 5672, , 299
784075, 4.2, 0.993, 4.025, , 5679, , 299
785075, 4.2, 0.993, 4.025, , 5687, , 295
786075, 4.2, 0.995, 4.025, , 5694, , 297
787076, 4.2, 0.995, 4.026, , 5701, , 301
788075, 4.2, 0.993, 4.026, , 5708, , 294
789076, 4.2, 0.993, 4.026, , 5716, , 296
790075, 4.2, 0.995, 4.026, , 5723, , 299
791076, 4.2, 0.993, 4.026, , 5730, , 283
792076, 4.2, 0.993, 4.027, , 5737, , 297
793076, 4.2, 0.993, 4.027, , 5745, , 297
794076, 4.2, 0.993, 4.027, , 5752, , 297
795075, 4.2, 0.993, 4.027, , 5759, , 298
796075, 4.2, 0.993, 4.027, , 5766, , 281
797076, 4.2, 0.993, 4.027, , 5774, , 299
798075, 4.2, 0.993, 4.027, , 5781, , 299
799076, 4.2, 0.993, 4.028, , 5788, , 299
800076, 4.2, 0.993, 4.028, , 5796, , 297
801076, 4.2, 0.993, 4.028, , 5803, , 296
802076, 4.2, 0.993, 4.029, , 5810, , 299
803075, 4.2, 0.993, 4.029, , 5817, , 283
804076, 4.2, 0.993, 4.029, , 5825, , 577
805075, 4.2, 0.995, 4.029, , 5832, , 299
806075, 4.2, 0.993, 4.029, , 5839, , 580
807075, 4.2, 0.993, 4.03, , 5846, , 296
808075, 4.2, 0.995, 4.03, , 5854, , 298
809076, 4.2, 0.995, 4.03, , 5861, , 295
810075, 4.2, 0.993, 4.03, , 5868, , 295
811076, 4.2, 0.993, 4.03, , 5875, , 296
812076, 4.2, 0.993, 4.031, , 5883, , 300
813075, 4.2, 0.993, 4.031, , 5890, , 299
814075, 4.2, 0.993, 4.031, , 5897, , 298
815075, 4.2, 0.993, 4.031, , 5904, , 313
816075, 4.2, 0.993, 4.032, , 5912, , 323
817075, 4.2, 0.995, 4.032, , 5919, , 304
818075, 4.2, 0.993, 4.032, , 5926, , 300
819075, 4.2, 0.993, 4.032, , 5934, , 334
820076, 4.2, 0.993, 4.033, , 5941, , 298
821075, 4.2, 0.993, 4.033, , 5948, , 300
822075, 4.2, 0.993, 4.033, , 5955, , 301
823075, 4.2, 0.993, 4.033, , 5963, , 297
824076, 4.2, 0.993, 4.034, , 5970, , 300
825075, 4.2, 0.993, 4.034, , 5977, , 299
826076, 4.2, 0.993, 4.034, , 5984, , 298
827075, 4.2, 0.993, 4.034, , 5992, , 587
828076, 4.2, 0.993, 4.034, , 5999, , 299
829075, 4.2, 0.992, 4.034, , 6006, , 283
830075, 4.2, 0.992, 4.034, , 6013, , 300
831076, 4.2, 0.99, 4.034, , 6021, , 294
832076, 4.2, 0.99, 4.034, , 6028, , 278
833076, 4.2, 0.99, 4.034, , 6035, , 282
834075, 4.2, 0.988, 4.035, , 6042, , 299
835076, 4.2, 0.988, 4.035, , 6050, , 295
836076, 4.2, 0.988, 4.035, , 6057, , 281
837076, 4.2, 0.988, 4.035, , 6064, , 296
838076, 4.2, 0.987, 4.035, , 6071, , 296
839075, 4.2, 0.987, 4.035, , 6078, , 306
840076, 4.2, 0.987, 4.035, , 6086, , 300
841075, 4.2, 0.985, 4.035, , 6093, , 301
842075, 4.2, 0.985, 4.036, , 6100, , 299
843076, 4.2, 0.985, 4.036, , 6107, , 302
844076, 4.2, 0.984, 4.036, , 6114, , 299
845075, 4.2, 0.984, 4.036, , 6122, , 293
846075, 4.2, 0.984, 4.036, , 6129, , 295
847076, 4.2, 0.984, 4.036, , 6136, , 297
848076, 4.2, 0.982, 4.036, , 6143, , 294
849076, 4.2, 0.982, 4.036, , 6150, , 295
850075, 4.2, 0.982, 4.036, , 6158, , 299
851075, 4.2, 0.98, 4.036, , 6165, , 301
852076, 4.2, 0.98, 4.036, , 6172, , 303
853075, 4.2, 0.98, 4.036, , 6179, , 295
854076, 4.2, 0.98, 4.036, , 6186, , 306
855076, 4.2, 0.979, 4.037, , 6193, , 299
856075, 4.2, 0.979, 4.037, , 6200, , 297
857076, 4.2, 0.979, 4.037, , 6208, , 312
858075, 4.2, 0.977, 4.036, , 6215, , 298
859076, 4.2, 0.977, 4.036, , 6222, , 299
860075, 4.2, 0.977, 4.037, , 6229, , 300
861076, 4.2, 0.977, 4.037, , 6236, , 300
862075, 4.2, 0.975, 4.037, , 6243, , 299
863076, 4.2, 0.975, 4.037, , 6250, , 301
864076, 4.2, 0.975, 4.037, , 6258, , 297
865076, 4.2, 0.974, 4.037, , 6265, , 297
866075, 4.2, 0.974, 4.037, , 6272, , 297
867075, 4.2, 0.974, 4.037, , 6279, , 297
868075, 4.2, 0.974, 4.037, , 6286, , 297
869076, 4.2, 0.972, 4.037, , 6293, , 298
870076, 4.2, 0.972, 4.038, , 6300, , 298
871075, 4.2, 0.972, 4.038, , 6307, , 296
872075, 4.2, 0.971, 4.038, , 6314, , 299
873075, 4.2, 0.971, 4.038, , 6322, , 305
874075, 4.2, 0.971, 4.038, , 6329, , 297
875076, 4.2, 0.971, 4.038, , 6336, , 296
876076, 4.2, 0.969, 4.038, , 6343, , 586
877076, 4.2, 0.969, 4.038, , 6350, , 296
878075, 4.2, 0.969, 4.038, , 6357, , 327
879075, 4.2, 0.967, 4.038, , 6364, , 321
880075, 4.2, 0.967, 4.038, , 6371, , 298
881075, 4.2, 0.967, 4.038, , 6378, , 299
882075, 4.2, 0.966, 4.038, , 6385, , 299
883075, 4.2, 0.966, 4.038, , 6392, , 296
884075, 4.2, 0.966, 4.039, , 6399, , 297
885076, 4.2, 0.966, 4.039, , 6406, , 300
886076, 4.2, 0.964, 4.039, , 6413, , 299
887075, 4.2, 0.964, 4.039, , 6420, , 300
888075, 4.2, 0.964, 4.039, , 6427, , 302
889076, 4.2, 0.964, 4.039, , 6435, , 282
890075, 4.2, 0.962, 4.039, , 6442, , 281
891075, 4.2, 0.962, 4.039, , 6449, , 297
892075, 4.2, 0.962, 4.039, , 6456, , 297
893075, 4.2, 0.961, 4.039, , 6463, , 304
894075, 4.2, 0.961, 4.04, , 6470, , 299
895076, 4.2, 0.961, 4.04, , 6477, , 294
896075, 4.2, 0.961, 4.04, , 6484, , 277
897076, 4.2, 0.959, 4.04, , 6491, , 280
898075, 4.2, 0.959, 4.04, , 6498, , 299
899075, 4.2, 0.959, 4.04, , 6505, , 300
900075, 4.2, 0.957, 4.04, , 6512, , 301
901075, 4.2, 0.957, 4.04, , 6519, , 300
902076, 4.2, 0.957, 4.04, , 6526, , 297
903075, 4.2, 0.957, 4.04, , 6533, , 298
904075, 4.2, 0.956, 4.04, , 6540, , 302
905075, 4.2, 0.956, 4.04, , 6547, , 300
906075, 4.2, 0.956, 4.04, , 6554, , 297
907075, 4.2, 0.956, 4.04, , 6561, , 297
908075, 4.2, 0.954, 4.041, , 6568, , 294
909076, 4.2, 0.954, 4.041, , 6575, , 283
910075, 4.2, 0.954, 4.041, , 6582, , 328
911076, 4.2, 0.953, 4.041, , 6588, , 298
912075, 4.2, 0.953, 4.041, , 6595, , 296
913075, 4.2, 0.953, 4.041, , 6602, , 302
914076, 4.2, 0.951, 4.041, , 6609, , 298
915076, 4.2, 0.951, 4.041, , 6616, , 298
916076, 4.2, 0.951, 4.041, , 6623, , 298
917076, 4.2, 0.951, 4.041, , 6630, , 282
918076, 4.2, 0.949, 4.041, , 6637, , 297
919075, 4.2, 0.949, 4.041, , 6644, , 298
920075, 4.2, 0.949, 4.041, , 6651, , 301
921075, 4.2, 0.949, 4.042, , 6658, , 299
922075, 4.2, 0.948, 4.042, , 6665, , 586
923076, 4.2, 0.948, 4.042, , 6672, , 300
924076, 4.2, 0.948, 4.042, , 6679, , 298
925075, 4.2, 0.946, 4.042, , 6686, , 300
926076, 4.2, 0.946, 4.042, , 6693, , 301
927075, 4.2, 0.946, 4.042, , 6699, , 298
928075, 4.2, 0.944, 4.042, , 6706, , 299
929076, 4.2, 0.944, 4.042, , 6713, , 298
930075, 4.2, 0.944, 4.042, , 6720, , 297
931075, 4.2, 0.944, 4.042, , 6727, , 298
932076, 4.2, 0.943, 4.042, , 6734, , 296
933076, 4.2, 0.943, 4.042, , 6741, , 298
934076, 4.2, 0.943, 4.042, , 6748, , 277
935075, 4.2, 0.943, 4.042, , 6755, , 296
936075, 4.2, 0.941, 4.043, , 6761, , 298
937075, 4.2, 0.941, 4.043, , 6768, , 301
938076, 4.2, 0.941, 4.043, , 6775, , 323
939075, 4.2, 0.94, 4.043, , 6782, , 321
940075, 4.2, 0.94, 4.043, , 6789, , 286
941076, 4.2, 0.94, 4.043, , 6796, , 295
942076, 4.2, 0.94, 4.043, , 6803, , 586
943075, 4.2, 0.938, 4.043, , 6810, , 300
944076, 4.2, 0.938, 4.043, , 6816, , 299
945076, 4.2, 0.938, 4.044, , 6823, , 281
946075, 4.2, 0.936, 4.044, , 6830, , 299
947076, 4.2, 0.936, 4.044, , 6837, , 300
948075, 4.2, 0.936, 4.044, , 6844, , 311
949075, 4.2, 0.936, 4.044, , 6851, , 298
950076, 4.2, 0.935, 4.044, , 6857, , 296
951075, 4.2, 0.935, 4.044, , 6864, , 300
952075, 4.2, 0.935, 4.044, , 6871, , 305
953076, 4.2, 0.933, 4.044, , 6878, , 295
954076, 4.2, 0.933, 4.044, , 6885, , 296
955075, 4.2, 0.933, 4.044, , 6892, , 300
956076, 4.2, 0.931, 4.044, , 6898, , 300
957075, 4.2, 0.931, 4.044, , 6905, , 301
958076, 4.2, 0.931, 4.044, , 6912, , 296
959075, 4.2, 0.931, 4.044, , 6919, , 294
960075, 4.2, 0.93, 4.044, , 6926, , 299
961075, 4.2, 0.93, 4.044, , 6932, , 298
962076, 4.2, 0.93, 4.045, , 6939, , 299
963076, 4.2, 0.93, 4.045, , 6946, , 297
964076, 4.2, 0.928, 4.045, , 6953, , 294
965075, 4.2, 0.928, 4.045, , 6959, , 299
966076, 4.2, 0.928, 4.045, , 6966, , 296
967075, 4.2, 0.926, 4.045, , 6973, , 300
968075, 4.2, 0.926, 4.045, , 6980, , 298
969075, 4.2, 0.926, 4.045, , 6987, , 300
970075, 4.2, 0.926, 4.045, , 6993, , 297
971075, 4.2, 0.925, 4.045, , 7000, , 296
972075, 4.2, 0.925, 4.045, , 7007, , 294
973076, 4.2, 0.925, 4.046, , 7014, , 299
974075, 4.2, 0.923, 4.046, , 7020, , 300
975075, 4.2, 0.923, 4.046, , 7027, , 299
976075, 4.2, 0.923, 4.046, , 7034, , 279
977076, 4.2, 0.923, 4.046, , 7041, , 297
978075, 4.2, 0.922, 4.046, , 7047, , 299
979076, 4.2, 0.922, 4.046, , 7054, , 295
980076, 4.2, 0.922, 4.046, , 7061, , 300
981075, 4.2, 0.92, 4.046, , 7067, , 300
982076, 4.2, 0.92, 4.046, , 7074, , 298
983076, 4.2, 0.92, 4.046, , 7081, , 300
984076, 4.2, 0.918, 4.046, , 7088, , 284
985076, 4.2, 0.918, 4.046, , 7094, , 306
986076, 4.2, 0.918, 4.047, , 7101, , 323
987075, 4.2, 0.918, 4.047, , 7108, , 327
988075, 4.2, 0.917, 4.047, , 7114, , 315
989076, 4.2, 0.917, 4.047, , 7121, , 321
990076, 4.2, 0.917, 4.047, , 7128, , 316
991075, 4.2, 0.915, 4.047, , 7135, , 311
992076, 4.2, 0.915, 4.047, , 7141, , 312
993076, 4.2, 0.915, 4.047, , 7148, , 320
994075, 4.2, 0.915, 4.047, , 7155, , 319
995075, 4.2, 0.913, 4.048, , 7161, , 320
996075, 4.2, 0.913, 4.048, , 7168, , 323
997076, 4.2, 0.913, 4.048, , 7175, , 297
998076, 4.2, 0.912, 4.048, , 7181, , 297
999076, 4.2, 0.912, 4.048, , 7188, , 301
1000075, 4.2, 0.912, 4.048, , 7195, , 300
1001075, 4.2, 0.91, 4.048, , 7201, , 298
1002076, 4.2, 0.91, 4.048, , 7208, , 299
1003076, 4.2, 0.91, 4.048, , 7214, , 299
1004075, 4.2, 0.909, 4.048, , 7221, , 289
1005075, 4.2, 0.909, 4.048, , 7228, , 295
1006076, 4.2, 0.909, 4.048, , 7234, , 295
1007075, 4.2, 0.909, 4.048, , 7241, , 300
1008075, 4.2, 0.907, 4.048, , 7248, , 296
1009075, 4.2, 0.907, 4.048, , 7254, , 300
1010075, 4.2, 0.907, 4.049, , 7261, , 300
1011075, 4.2, 0.905, 4.049, , 7268, , 316
1012075, 4.2, 0.905, 4.049, , 7274, , 300
1013075, 4.2, 0.905, 4.049, , 7281, , 296
1014076, 4.2, 0.905, 4.049, , 7287, , 297
1015076, 4.2, 0.904, 4.049, , 7294, , 296
1016075, 4.2, 0.904, 4.049, , 7301, , 300
1017076, 4.2, 0.904, 4.049, , 7307, , 297
1018075, 4.2, 0.902, 4.049, , 7314, , 298
1019075, 4.2, 0.902, 4.049, , 7320, , 301
1020075, 4.2, 0.902, 4.049, , 7327, , 301
1021076, 4.2, 0.902, 4.049, , 7334, , 299
1022075, 4.2, 0.9, 4.049, , 7340, , 299
1023076, 4.2, 0.9, 4.05, , 7347, , 300
1024075, 4.2, 0.9, 4.05, , 7353, , 273
1025076, 4.2, 0.899, 4.05, , 7360, , 298
1026076, 4.2, 0.899, 4.05, , 7366, , 297
1027075, 4.2, 0.899, 4.05, , 7373, , 297
1028076, 4.2, 0.897, 4.05, , 7379, , 298
1029075, 4.2, 0.897, 4.05, , 7386, , 298
1030076, 4.2, 0.897, 4.05, , 7393, , 298
1031075, 4.2, 0.897, 4.051, , 7399, , 298
1032076, 4.2, 0.895, 4.051, , 7406, , 300
1033076, 4.2, 0.895, 4.051, , 7412, , 295
1034075, 4.2, 0.895, 4.051, , 7419, , 300
1035075, 4.2, 0.894, 4.051, , 7425, , 298
1036075, 4.2, 0.894, 4.051, , 7432, , 294
1037075, 4.2, 0.894, 4.051, , 7438, , 300
1038076, 4.2, 0.892, 4.051, , 7445, , 596
1039075, 4.2, 0.892, 4.051, , 7451, , 298
1040076, 4.2, 0.892, 4.051, , 7458, , 298
1041075, 4.2, 0.891, 4.051, , 7464, , 301
1042076, 4.2, 0.891, 4.051, , 7471, , 298
1043075, 4.2, 0.891, 4.051, , 7477, , 587
1044076, 4.2, 0.891, 4.051, , 7484, , 300
1045075, 4.2, 0.889, 4.052, , 7490, , 300
1046075, 4.2, 0.889, 4.052, , 7497, , 298
1047075, 4.2, 0.887, 4.052, , 7503, , 300
1048076, 4.2, 0.887, 4.052, , 7510, , 299
1049075, 4.2, 0.887, 4.052, , 7516, , 299
1050076, 4.2, 0.887, 4.052, , 7523, , 295
1051076, 4.2, 0.886, 4.052, , 7529, , 281
1052075, 4.2, 0.886, 4.052, , 7536, , 295
1053075, 4.2, 0.886, 4.052, , 7542, , 299
1054075, 4.2, 0.884, 4.052, , 7549, , 292
1055076, 4.2, 0.884, 4.052, , 7555, , 297
1056075, 4.2, 0.884, 4.052, , 7562, , 301
1057076, 4.2, 0.884, 4.052, , 7568, , 299
1058075, 4.2, 0.882, 4.053, , 7575, , 296
1059076, 4.2, 0.882, 4.053, , 7581, , 304
1060075, 4.2, 0.882, 4.053, , 7587, , 299
1061075, 4.2, 0.881, 4.053, , 7594, , 296
1062076, 4.2, 0.881, 4.053, , 7600, , 297
1063075, 4.2, 0.881, 4.053, , 7607, , 299
1064076, 4.2, 0.879, 4.053, , 7613, , 297
1065075, 4.2, 0.879, 4.053, , 7620, , 298
1066076, 4.2, 0.879, 4.053, , 7626, , 294
1067076, 4.2, 0.878, 4.053, , 7632, , 303
1068076, 4.2, 0.878, 4.053, , 7639, , 300
1069076, 4.2, 0.878, 4.053, , 7645, , 305
1070076, 4.2, 0.876, 4.053, , 7652, , 300
1071076, 4.2, 0.876, 4.054, , 7658, , 311
1072075, 4.2, 0.876, 4.054, , 7664, , 297
1073075, 4.2, 0.876, 4.054, , 7671, , 326
1074076, 4.2, 0.874, 4.054, , 7677, , 301
1075076, 4.2, 0.874, 4.054, , 7684, , 297
1076075, 4.2, 0.874, 4.054, , 7690, , 299
1077075, 4.2, 0.873, 4.054, , 7696, , 299
1078075, 4.2, 0.873, 4.054, , 7703, , 296
1079076, 4.2, 0.873, 4.055, , 7709, , 296
1080076, 4.2, 0.871, 4.055, , 7715, , 299
1081075, 4.2, 0.871, 4.055, , 7722, , 295
1082076, 4.2, 0.871, 4.055, , 7728, , 297
1083075, 4.2, 0.871, 4.055, , 7735, , 298
1084075, 4.2, 0.869, 4.055, , 7741, , 298
1085076, 4.2, 0.869, 4.055, , 7747, , 295
1086076, 4.2, 0.868, 4.055, , 7754, , 286
1087075, 4.2, 0.868, 4.055, , 7760, , 580
1088075, 4.2, 0.868, 4.055, , 7766, , 297
1089076, 4.2, 0.868, 4.055, , 7773, , 298
1090076, 4.2, 0.866, 4.055, , 7779, , 296
1091075, 4.2, 0.866, 4.055, , 7785, , 299
1092075, 4.2, 0.866, 4.056, , 7792, , 297
1093075, 4.2, 0.864, 4.056, , 7798, , 299
1094075, 4.2, 0.864, 4.056, , 7804, , 301
1095075, 4.2, 0.864, 4.056, , 7810, , 298
1096075, 4.2, 0.863, 4.056, , 7817, , 299
1097076, 4.2, 0.863, 4.056, , 7823, , 297
1098076, 4.2, 0.863, 4.056, , 7829, , 295
1099075, 4.2, 0.863, 4.056, , 7836, , 298
1100076, 4.2, 0.861, 4.056, , 7842, , 296
1101075, 4.2, 0.861, 4.056, , 7848, , 302
1102075, 4.2, 0.861, 4.056, , 7855, , 317
1103076, 4.2, 0.86, 4.056, , 7861, , 296
1104075, 4.2, 0.86, 4.056, , 7867, , 567
1105076, 4.2, 0.86, 4.057, , 7873, , 300
1106076, 4.2, 0.858, 4.057, , 7880, , 298
1107075, 4.2, 0.858, 4.057, , 7886, , 299
1108076, 4.2, 0.858, 4.057, , 7892, , 296
1109075, 4.2, 0.856, 4.057, , 7898, , 300
1110075, 4.2, 0.856, 4.057, , 7905, , 299
1111076, 4.2, 0.856, 4.057, , 7911, , 296
1112075, 4.2, 0.855, 4.057, , 7917, , 301
1113076, 4.2, 0.855, 4.057, , 7923, , 299
1114076, 4.2, 0.855, 4.057, , 7930, , 297
1115075, 4.2, 0.853, 4.057, , 7936, , 299
1116075, 4.2, 0.853, 4.057, , 7942, , 281
1117075, 4.2, 0.853, 4.057, , 7948, , 301
1118076, 4.2, 0.851, 4.058, , 7955, , 328
1119075, 4.2, 0.851, 4.058, , 7961, , 325
1120075, 4.2, 0.851, 4.058, , 7967, , 300
1121075, 4.2, 0.851, 4.058, , 7973, , 576
1122076, 4.2, 0.85, 4.058, , 7979, , 298
1123075, 4.2, 0.85, 4.058, , 7986, , 300
1124076, 4.2, 0.85, 4.058, , 7992, , 299
1125076, 4.2, 0.848, 4.058, , 7998, , 298
1126076, 4.2, 0.848, 4.059, , 8004, , 289
1127076, 4.2, 0.848, 4.059, , 8010, , 300
1128075, 4.2, 0.847, 4.059, , 8017, , 302
1129075, 4.2, 0.847, 4.059, , 8023, , 298
1130076, 4.2, 0.845, 4.059, , 8029, , 299
1131076, 4.2, 0.845, 4.059, , 8035, , 297
1132075, 4.2, 0.845, 4.059, , 8041, , 597
1133076, 4.2, 0.845, 4.059, , 8047, , 305
1134075, 4.2, 0.843, 4.059, , 8054, , 297
1135075, 4.2, 0.843, 4.059, , 8060, , 297
1136075, 4.2, 0.843, 4.059, , 8066, , 295
1137076, 4.2, 0.842, 4.059, , 8072, , 298
1138076, 4.2, 0.842, 4.059, , 8078, , 299
1139076, 4.2, 0.842, 4.06, , 8084, , 314
1140076, 4.2, 0.84, 4.06, , 8090, , 298
1141075, 4.2, 0.84, 4.06, , 8097, , 273
1142075, 4.2, 0.84, 4.06, , 8103, , 297
1143075, 4.2, 0.838, 4.06, , 8109, , 296
1144075, 4.2, 0.838, 4.06, , 8115, , 300
1145076, 4.2, 0.838, 4.06, , 8121, , 298
1146076, 4.2, 0.838, 4.06, , 8127, , 298
1147075, 4.2, 0.837, 4.06, , 8133, , 300
1148075, 4.2, 0.837, 4.06, , 8139, , 298
1149076, 4.2, 0.837, 4.06, , 8146, , 299
1150076, 4.2, 0.835, 4.06, , 8152, , 298
1151076, 4.2, 0.835, 4.06, , 8158, , 299
1152075, 4.2, 0.835, 4.061, , 8164, , 299
1153076, 4.2, 0.833, 4.061, , 8170, , 294
1154076, 4.2, 0.833, 4.061, , 8176, , 299
1155075, 4.2, 0.833, 4.061, , 8182, , 299
1156075, 4.2, 0.832, 4.061, , 8188, , 292
1157075, 4.2, 0.832, 4.061, , 8194, , 297
1158076, 4.2, 0.832, 4.061, , 8200, , 295
1159075, 4.2, 0.83, 4.061, , 8206, , 301
1160075, 4.2, 0.83, 4.062, , 8212, , 302
1161076, 4.2, 0.83, 4.062, , 8219, , 298
1162075, 4.2, 0.829, 4.062, , 8225, , 297
1163076, 4.2, 0.829, 4.062, , 8231, , 296
1164076, 4.2, 0.829, 4.062, , 8237, , 296
1165075, 4.2, 0.827, 4.062, , 8243, , 298
1166075, 4.2, 0.827, 4.062, , 8249, , 300
1167075, 4.2, 0.827, 4.062, , 8255, , 298
1168076, 4.2, 0.825, 4.062, , 8261, , 298
1169075, 4.2, 0.825, 4.062, , 8267, , 298
1170076, 4.2, 0.825, 4.062, , 8273, , 318
1171075, 4.2, 0.825, 4.062, , 8279, , 299
1172076, 4.2, 0.824, 4.062, , 8285, , 296
1173076, 4.2, 0.824, 4.063, , 8291, , 297
1174075, 4.2, 0.822, 4.063, , 8297, , 299
1175075, 4.2, 0.822, 4.063, , 8303, , 301
1176075, 4.2, 0.822, 4.063, , 8309, , 299
1177075, 4.2, 0.82, 4.063, , 8315, , 296
1178076, 4.2, 0.82, 4.063, , 8321, , 294
1179076, 4.2, 0.82, 4.063, , 8327, , 304
1180075, 4.2, 0.819, 4.063, , 8333, , 283
1181075, 4.2, 0.819, 4.063, , 8339, , 295
1182075, 4.2, 0.819, 4.063, , 8345, , 594
1183076, 4.2, 0.817, 4.063, , 8351, , 298
1184076, 4.2, 0.817, 4.063, , 8357, , 296
1185075, 4.2, 0.817, 4.063, , 8363, , 296
1186076, 4.2, 0.816, 4.064, , 8369, , 318
1187075, 4.2, 0.816, 4.064, , 8375, , 299
1188075, 4.2, 0.816, 4.064, , 8381, , 299
1189075, 4.2, 0.816, 4.064, , 8387, , 285
1190076, 4.2, 0.814, 4.064, , 8392, , 299
1191075, 4.2, 0.814, 4.064, , 8398, , 300
1192075, 4.2, 0.814, 4.064, , 8404, , 301
1193076, 4.2, 0.812, 4.064, , 8410, , 296
1194075, 4.2, 0.812, 4.064, , 8416, , 298
1195075, 4.2, 0.812, 4.064, , 8422, , 298
1196075, 4.2, 0.811, 4.064, , 8428, , 356
1197075, 4.2, 0.811, 4.065, , 8434, , 588
1198075, 4.2, 0.811, 4.065, , 8440, , 298
1199075, 4.2, 0.809, 4.065, , 8446, , 301
1200076, 4.2, 0.809, 4.065, , 8452, , 300
1201076, 4.2, 0.809, 4.065, , 8458, , 296
1202075, 4.2, 0.807, 4.065, , 8464, , 298
1203076, 4.2, 0.807, 4.065, , 8469, , 298
1204075, 4.2, 0.807, 4.065, , 8475, , 299
1205075, 4.2, 0.806, 4.066, , 8481, , 298
1206076, 4.2, 0.806, 4.066, , 8487, , 299
1207075, 4.2, 0.806, 4.065, , 8493, , 298
1208075, 4.2, 0.804, 4.066, , 8499, , 298
1209076, 4.2, 0.804, 4.066, , 8505, , 296
1210075, 4.2, 0.804, 4.066, , 8511, , 298
1211076, 4.2, 0.802, 4.066, , 8516, , 297
1212075, 4.2, 0.802, 4.066, , 8522, , 301
1213075, 4.2, 0.802, 4.066, , 8528, , 300
1214075, 4.2, 0.801, 4.066, , 8534, , 300
1215076, 4.2, 0.801, 4.066, , 8540, , 297
1216075, 4.2, 0.801, 4.066, , 8546, , 297
1217076, 4.2, 0.799, 4.066, , 8552, , 302
1218075, 4.2, 0.799, 4.067, , 8557, , 327
1219075, 4.2, 0.799, 4.067, , 8563, , 312
1220076, 4.2, 0.798, 4.067, , 8569, , 296
1221075, 4.2, 0.798, 4.067, , 8575, , 296
1222075, 4.2, 0.798, 4.067, , 8581, , 297
1223075, 4.2, 0.796, 4.067, , 8586, , 301
1224075, 4.2, 0.796, 4.067, , 8592, , 298
1225076, 4.2, 0.796, 4.067, , 8598, , 300
1226076, 4.2, 0.794, 4.067, , 8604, , 299
1227076, 4.2, 0.794, 4.067, , 8610, , 298
1228076, 4.2, 0.794, 4.067, , 8615, , 300
1229075, 4.2, 0.793, 4.068, , 8621, , 300
1230075, 4.2, 0.793, 4.068, , 8627, , 299
1231076, 4.2, 0.793, 4.067, , 8633, , 296
1232076, 4.2, 0.791, 4.068, , 8639, , 295
1233076, 4.2, 0.791, 4.068, , 8644, , 296
1234075, 4.2, 0.791, 4.068, , 8650, , 296
1235075, 4.2, 0.789, 4.068, , 8656, , 301
1236075, 4.2, 0.789, 4.068, , 8662, , 322
1237075, 4.2, 0.789, 4.068, , 8667, , 329
1238076, 4.2, 0.788, 4.068, , 8673, , 335
1239076, 4.2, 0.788, 4.068, , 8679, , 360
1240076, 4.2, 0.788, 4.068, , 8685, , 323
1241076, 4.2, 0.786, 4.068, , 8690, , 310
1242075, 4.2, 0.786, 4.069, , 8696, , 312
1243075, 4.2, 0.786, 4.069, , 8702, , 313
1244076, 4.2, 0.784, 4.069, , 8708, , 318
1245075, 4.2, 0.784, 4.069, , 8713, , 325
1246075, 4.2, 0.784, 4.069, , 8719, , 321
1247076, 4.2, 0.783, 4.069, , 8725, , 319
1248076, 4.2, 0.783, 4.069, , 8731, , 610
1249076, 4.2, 0.783, 4.069, , 8736, , 292
1250075, 4.2, 0.781, 4.07, , 8742, , 323
1251076, 4.2, 0.781, 4.07, , 8748, , 316
1252075, 4.2, 0.781, 4.07, , 8753, , 309
1253075, 4.2, 0.78, 4.07, , 8759, , 311
1254075, 4.2, 0.78, 4.07, , 8765, , 311
1255075, 4.2, 0.78, 4.07, , 8770, , 314
1256075, 4.2, 0.778, 4.07, , 8776, , 317
1257075, 4.2, 0.778, 4.07, , 8782, , 319
1258076, 4.2, 0.778, 4.07, , 8787, , 328
1259075, 4.2, 0.776, 4.07, , 8793, , 330
1260076, 4.2, 0.776, 4.07, , 8799, , 319
1261076, 4.2, 0.776, 4.071, , 8804, , 324
1262075, 4.2, 0.775, 4.071, , 8810, , 324
1263075, 4.2, 0.775, 4.071, , 8816, , 300
1264076, 4.2, 0.775, 4.071, , 8821, , 589
1265075, 4.2, 0.773, 4.071, , 8827, , 300
1266075, 4.2, 0.773, 4.071, , 8833, , 303
1267075, 4.2, 0.773, 4.071, , 8838, , 299
1268075, 4.2, 0.771, 4.071, , 8844, , 296
1269075, 4.2, 0.771, 4.071, , 8850, , 295
1270075, 4.2, 0.771, 4.071, , 8855, , 299
1271075, 4.2, 0.77, 4.071, , 8861, , 297
1272076, 4.2, 0.77, 4.071, , 8866, , 297
1273075, 4.2, 0.77, 4.071, , 8872, , 580
1274076, 4.2, 0.768, 4.072, , 8878, , 297
1275075, 4.2, 0.768, 4.072, , 8883, , 294
1276076, 4.2, 0.768, 4.072, , 8889, , 296
1277076, 4.2, 0.767, 4.072, , 8894, , 284
1278076, 4.2, 0.767, 4.072, , 8900, , 297
1279075, 4.2, 0.767, 4.072, , 8906, , 299
1280075, 4.2, 0.765, 4.072, , 8911, , 299
1281075, 4.2, 0.765, 4.072, , 8917, , 301
1282075, 4.2, 0.765, 4.072, , 8922, , 297
1283075, 4.2, 0.763, 4.072, , 8928, , 296
1284076, 4.2, 0.763, 4.072, , 8934, , 327
1285076, 4.2, 0.763, 4.072, , 8939, , 298
1286075, 4.2, 0.763, 4.073, , 8945, , 298
1287075, 4.2, 0.762, 4.073, , 8950, , 302
1288076, 4.2, 0.762, 4.073, , 8956, , 295
1289076, 4.2, 0.76, 4.073, , 8961, , 297
1290075, 4.2, 0.76, 4.073, , 8967, , 301
1291075, 4.2, 0.758, 4.073, , 8972, , 297
1292076, 4.2, 0.758, 4.073, , 8978, , 286
1293076, 4.2, 0.757, 4.073, , 8984, , 296
1294076, 4.2, 0.757, 4.074, , 8989, , 298
1295075, 4.2, 0.757, 4.074, , 8995, , 298
1296076, 4.2, 0.755, 4.074, , 9000, , 283
1297075, 4.2, 0.755, 4.074, , 9006, , 298
1298075, 4.2, 0.755, 4.074, , 9011, , 334
1299075, 4.2, 0.753, 4.074, , 9017, , 327
1300076, 4.2, 0.753, 4.074, , 9022, , 303
1301076, 4.2, 0.753, 4.074, , 9028, , 299
1302075, 4.2, 0.753, 4.074, , 9033, , 300
1303075, 4.2, 0.752, 4.074, , 9039, , 300
1304076, 4.2, 0.752, 4.074, , 9044, , 300
1305075, 4.2, 0.75, 4.075, , 9050, , 299
1306076, 4.2, 0.75, 4.075, , 9055, , 303
1307076, 4.2, 0.75, 4.075, , 9061, , 299
1308076, 4.2, 0.75, 4.075, , 9066, , 295
1309076, 4.2, 0.749, 4.075, , 9071, , 298
1310075, 4.2, 0.749, 4.075, , 9077, , 299
1311076, 4.2, 0.749, 4.075, , 9082, , 296
1312076, 4.2, 0.747, 4.075, , 9088, , 316
1313075, 4.2, 0.747, 4.075, , 9093, , 306
1314075, 4.2, 0.747, 4.075, , 9099, , 298
1315076, 4.2, 0.745, 4.075, , 9104, , 299
1316076, 4.2, 0.745, 4.075, , 9110, , 310
1317075, 4.2, 0.745, 4.075, , 9115, , 302
1318075, 4.2, 0.744, 4.076, , 9121, , 299
1319075, 4.2, 0.744, 4.076, , 9126, , 305
1320075, 4.2, 0.744, 4.076, , 9131, , 306
1321075, 4.2, 0.742, 4.076, , 9137, , 298
1322075, 4.2, 0.742, 4.076, , 9142, , 300
1323076, 4.2, 0.74, 4.076, , 9148, , 298
1324075, 4.2, 0.74, 4.076, , 9153, , 592
1325076, 4.2, 0.74, 4.076, , 9158, , 298
